05 01 03 04 
09 02 07 08 
13 06 10 11 
14 16 15 12 
========== step 0 ==========
05 01 03 04 
09 02 07 08 
13 06 10 11 
16 14 15 12 
========== step 1 ==========
05 01 03 04 
09 02 07 08 
16 06 10 11 
13 14 15 12 
========== step 2 ==========
05 01 03 04 
16 02 07 08 
09 06 10 11 
13 14 15 12 
========== step 3 ==========
16 01 03 04 
05 02 07 08 
09 06 10 11 
13 14 15 12 
========== step 4 ==========
01 16 03 04 
05 02 07 08 
09 06 10 11 
13 14 15 12 
========== step 5 ==========
01 02 03 04 
05 16 07 08 
09 06 10 11 
13 14 15 12 
========== step 6 ==========
01 02 03 04 
05 06 07 08 
09 16 10 11 
13 14 15 12 
========== step 7 ==========
01 02 03 04 
05 06 07 08 
09 10 16 11 
13 14 15 12 
========== step 8 ==========
01 02 03 04 
05 06 07 08 
09 10 11 16 
13 14 15 12 
========== step 9 ==========
01 02 03 04 
05 06 07 08 
09 10 11 12 
13 14 15 16 
========== step 10 ==========
