01 02 12 03 
05 14 16 07 
13 06 15 04 
10 09 11 08 
========== step 0 ==========
01 02 12 03 
05 14 07 16 
13 06 15 04 
10 09 11 08 
========== step 1 ==========
01 02 12 03 
05 14 07 04 
13 06 15 16 
10 09 11 08 
========== step 2 ==========
01 02 12 03 
05 14 07 04 
13 06 15 08 
10 09 11 16 
========== step 3 ==========
01 02 12 03 
05 14 07 04 
13 06 15 08 
10 09 16 11 
========== step 4 ==========
01 02 12 03 
05 14 07 04 
13 06 15 08 
10 16 09 11 
========== step 5 ==========
01 02 12 03 
05 14 07 04 
13 16 15 08 
10 06 09 11 
========== step 6 ==========
01 02 12 03 
05 16 07 04 
13 14 15 08 
10 06 09 11 
========== step 7 ==========
01 02 12 03 
05 07 16 04 
13 14 15 08 
10 06 09 11 
========== step 8 ==========
01 02 16 03 
05 07 12 04 
13 14 15 08 
10 06 09 11 
========== step 9 ==========
01 02 03 16 
05 07 12 04 
13 14 15 08 
10 06 09 11 
========== step 10 ==========
01 02 03 04 
05 07 12 16 
13 14 15 08 
10 06 09 11 
========== step 11 ==========
01 02 03 04 
05 07 12 08 
13 14 15 16 
10 06 09 11 
========== step 12 ==========
01 02 03 04 
05 07 12 08 
13 14 16 15 
10 06 09 11 
========== step 13 ==========
01 02 03 04 
05 07 12 08 
13 16 14 15 
10 06 09 11 
========== step 14 ==========
01 02 03 04 
05 07 12 08 
13 06 14 15 
10 16 09 11 
========== step 15 ==========
01 02 03 04 
05 07 12 08 
13 06 14 15 
10 09 16 11 
========== step 16 ==========
01 02 03 04 
05 07 12 08 
13 06 16 15 
10 09 14 11 
========== step 17 ==========
01 02 03 04 
05 07 16 08 
13 06 12 15 
10 09 14 11 
========== step 18 ==========
01 02 03 04 
05 16 07 08 
13 06 12 15 
10 09 14 11 
========== step 19 ==========
01 02 03 04 
05 06 07 08 
13 16 12 15 
10 09 14 11 
========== step 20 ==========
01 02 03 04 
05 06 07 08 
13 09 12 15 
10 16 14 11 
========== step 21 ==========
01 02 03 04 
05 06 07 08 
13 09 12 15 
16 10 14 11 
========== step 22 ==========
01 02 03 04 
05 06 07 08 
16 09 12 15 
13 10 14 11 
========== step 23 ==========
01 02 03 04 
05 06 07 08 
09 16 12 15 
13 10 14 11 
========== step 24 ==========
01 02 03 04 
05 06 07 08 
09 10 12 15 
13 16 14 11 
========== step 25 ==========
01 02 03 04 
05 06 07 08 
09 10 12 15 
13 14 16 11 
========== step 26 ==========
01 02 03 04 
05 06 07 08 
09 10 12 15 
13 14 11 16 
========== step 27 ==========
01 02 03 04 
05 06 07 08 
09 10 12 16 
13 14 11 15 
========== step 28 ==========
01 02 03 04 
05 06 07 08 
09 10 16 12 
13 14 11 15 
========== step 29 ==========
01 02 03 04 
05 06 07 08 
09 10 11 12 
13 14 16 15 
========== step 30 ==========
01 02 03 04 
05 06 07 08 
09 10 11 12 
13 14 15 16 
========== step 31 ==========
